GROUND POINT FILE
COORD_SYSTEM          1
ELLIPSOID          WGS_84
REFERENCE_DATUM_CODE          WGS_84
A_EARTH            6.37813700000000e+06
E_EARTH            8.18191908426520e-02
ELLIPSOID_CENTER   0.00000000000000e+00 0.00000000000000e+00 0.00000000000000e+00
DATUM_ROTATION     0.00000000000000e+00 0.00000000000000e+00 0.00000000000000e+00
DATUM_SCALE        1.00000000000000e+00
DATUM_USE_APPROXIMATE 0
VERTICAL_REFERENCE    0
GEOID                 EGM96
GXP_GEO_DELIM       0
XY_UNITS            2
Z_UNITS             1
GXP_XY_UNITS        8
GXP_Z_UNITS         3
GXP_Z_PRECISION     3
GXP_COORD_FORMAT    3
GXP_COORD_FORMAT_PRECISIONS 4
48
point_id,use,point_type,lat_Y_North,long_X_East,ht,sig(3),res(3), eigenpair(val, vector)(3)
TP00000 1 0
41.93625458705527        12.42204566561736        144.49352205921176      
0.000000 0.000000 0.000000
0.000000 0.000000 0.000000
3.158352 -0.256603 0.966155 -0.026455
4.013993 -0.960305 -0.251760 0.120126
53.055575 -0.109400 -0.056229 -0.992406

TP00001 1 0
41.93614977329828        12.43532843201709        136.59798165897831      
0.000000 0.000000 0.000000
0.000000 0.000000 0.000000
3.147683 0.254807 -0.966681 0.024523
3.414512 0.966988 0.254800 -0.003446
27.373052 -0.002918 0.024591 0.999693

TP00002 1 0
41.93600868028481        12.44856883338915        131.02216550831190      
0.000000 0.000000 0.000000
0.000000 0.000000 0.000000
3.148871 0.255942 -0.966423 0.022802
3.415543 -0.966688 -0.255941 0.003003
27.374026 0.002934 -0.022811 -0.999735

TP00003 1 0
41.93582742159170        12.46183264196683        42.53414011227344       
0.000000 0.000000 0.000000
0.000000 0.000000 0.000000
3.150899 0.256993 -0.966183 0.021083
3.417682 -0.966409 -0.256998 0.002497
27.382204 0.003005 -0.021016 -0.999775

TP00004 1 0
41.93567874114391        12.47502042348289        33.55602926526246       
0.000000 0.000000 0.000000
0.000000 0.000000 0.000000
3.152247 0.258079 -0.965930 0.019370
3.418923 -0.966119 -0.258088 0.002047
27.385266 0.003022 -0.019242 -0.999810

TP00005 1 0
41.92472178814459        12.42183693476669        130.31661778917029      
0.000000 0.000000 0.000000
0.000000 0.000000 0.000000
3.157670 -0.256362 0.966231 -0.026001
4.004344 -0.959496 -0.251139 0.127660
60.553692 -0.116819 -0.057675 -0.991477

TP00006 1 0
41.92470541057641        12.43518102652992        131.01868421444289      
0.000000 0.000000 0.000000
0.000000 0.000000 0.000000
3.158204 -0.256749 0.966175 -0.024217
4.004632 -0.959406 -0.251765 0.127104
60.552628 -0.116708 -0.055868 -0.991594

TP00007 1 0
41.92453014273798        12.44846601998071        127.84719080989689      
0.000000 0.000000 0.000000
0.000000 0.000000 0.000000
3.158866 -0.257113 0.966121 -0.022436
4.005790 -0.959289 -0.252350 0.126823
60.785186 -0.116865 -0.054131 -0.991672

TP00008 1 0
41.92433137805049        12.46166940420497        30.74736690526817       
0.000000 0.000000 0.000000
0.000000 0.000000 0.000000
3.160534 -0.257001 0.966191 -0.020645
4.012666 -0.959247 -0.252441 0.126961
61.043819 -0.117457 -0.052433 -0.991693

TP00009 1 0
41.92427634347892        12.47490998351840        85.91462985892092       
0.000000 0.000000 0.000000
0.000000 0.000000 0.000000
3.160841 -0.257664 0.966050 -0.018893
4.012456 -0.959042 -0.253316 0.126765
61.508008 -0.117675 -0.050782 -0.991753

TP00010 1 0
41.91325814925960        12.42162422410620        111.08526281031884      
0.000000 0.000000 0.000000
0.000000 0.000000 0.000000
3.157195 -0.256219 0.966281 -0.025551
3.995906 -0.958592 -0.250603 0.135278
69.732646 -0.124313 -0.059154 -0.990478

TP00011 1 0
41.91306777375267        12.43497255749544        71.07172647683969       
0.000000 0.000000 0.000000
0.000000 0.000000 0.000000
3.158113 -0.256409 0.966276 -0.023759
3.998100 -0.958525 -0.251034 0.134951
69.859213 -0.124436 -0.057376 -0.990567

TP00012 1 0
41.91305595851252        12.44827055547741        77.21713805424150       
0.000000 0.000000 0.000000
0.000000 0.000000 0.000000
3.158695 -0.256831 0.966206 -0.021988
3.998856 -0.958407 -0.251696 0.134556
70.038992 -0.124474 -0.055631 -0.990662

TP00013 1 0
41.91288999074737        12.46154211897335        55.11252316723569       
0.000000 0.000000 0.000000
0.000000 0.000000 0.000000
3.159644 -0.257111 0.966170 -0.020212
4.001770 -0.958286 -0.252200 0.134472
70.458269 -0.124825 -0.053944 -0.990711

TP00014 1 0
41.91279779982322        12.47483596263755        58.62762288176800       
0.000000 0.000000 0.000000
0.000000 0.000000 0.000000
3.160453 -0.257526 0.966095 -0.018442
4.004223 -0.958125 -0.252835 0.134427
70.996692 -0.125207 -0.052289 -0.990752

TP00015 1 0
41.90175093485620        12.42148225018631        114.43877243398343      
0.000000 0.000000 0.000000
0.000000 0.000000 0.000000
3.156653 -0.256344 0.966260 -0.025085
3.987418 -0.957550 -0.250322 0.142957
81.202843 -0.131854 -0.060667 -0.989411

TP00016 1 0
41.90160211680926        12.43481091926831        53.85217634083486       
0.000000 0.000000 0.000000
0.000000 0.000000 0.000000
3.157773 -0.256432 0.966281 -0.023306
3.990594 -0.957506 -0.250663 0.142652
81.319804 -0.132000 -0.058896 -0.989498

TP00017 1 0
41.90153076575557        12.44803878473226        93.05768235343429       
0.000000 0.000000 0.000000
0.000000 0.000000 0.000000
3.158029 -0.257031 0.966163 -0.021543
3.989536 -0.957343 -0.251513 0.142254
81.708297 -0.132022 -0.057188 -0.989596

TP00018 1 0
41.90136344034326        12.46138591063561        48.23743195698694       
0.000000 0.000000 0.000000
0.000000 0.000000 0.000000
3.147870 0.253732 -0.967075 0.019622
3.416066 -0.967264 -0.253583 0.009812
26.906927 -0.004513 -0.021469 -0.999759

TP00019 1 0
41.90131539062921        12.47457601739442        54.50425635362241       
0.000000 0.000000 0.000000
0.000000 0.000000 0.000000
3.159981 -0.257629 0.966076 -0.018012
3.995801 -0.957082 -0.252581 0.142117
82.848770 -0.132746 -0.053852 -0.989686

TP00020 1 0
41.89031609646010        12.42134431956200        116.37800224968522      
0.000000 0.000000 0.000000
0.000000 0.000000 0.000000
3.156279 0.256633 -0.966196 0.024604
3.980579 -0.956404 -0.250196 0.150640
95.413649 0.139392 0.062190 0.988282

TP00021 1 0
41.89016555985073        12.43471584940938        104.52095922234378      
0.000000 0.000000 0.000000
0.000000 0.000000 0.000000
3.156932 -0.256977 0.966148 -0.022822
3.981176 -0.956302 -0.250809 0.150268
95.743932 -0.139457 -0.060440 -0.988382

TP00022 1 0
41.89011177641125        12.44790360230068        105.97810466684170      
0.000000 0.000000 0.000000
0.000000 0.000000 0.000000
3.157553 -0.257379 0.966081 -0.021069
3.981964 -0.956180 -0.251471 0.149940
96.164482 -0.139556 -0.058737 -0.988471

TP00023 1 0
41.89002023627615        12.46121448638316        132.53702697409491      
0.000000 0.000000 0.000000
0.000000 0.000000 0.000000
3.158039 -0.257915 0.965975 -0.019296
3.982295 -0.956006 -0.252263 0.149721
96.902617 -0.139759 -0.057063 -0.988540

TP00024 1 0
41.93849666397325        12.47967949366008        23.59177135678953       
0.000000 0.000000 0.000000
0.000000 0.000000 0.000000
3.163327 0.257995 -0.965959 0.019010
3.434059 -0.966146 -0.257967 0.003955
27.174401 0.001084 -0.019387 -0.999811

TP00025 1 0
41.92414607649729        12.43602541241768        106.83881396612762      
0.000000 0.000000 0.000000
0.000000 0.000000 0.000000
3.157980 0.252786 -0.967228 0.023847
3.431188 0.967522 0.252710 -0.006203
27.140371 -0.000027 0.024641 0.999696

TP00026 1 0
41.92452497153108        12.45035814650257        155.01454393707391      
0.000000 0.000000 0.000000
0.000000 0.000000 0.000000
3.159952 0.254172 -0.966907 0.022082
3.434409 -0.967152 -0.254193 0.001914
27.485523 0.003762 -0.021843 -0.999754

TP00027 1 0
41.92560548436217        12.46512362949083        45.70490813112367       
0.000000 0.000000 0.000000
0.000000 0.000000 0.000000
3.163294 0.256203 -0.966411 0.020223
3.438520 -0.966613 -0.256240 0.000796
27.538393 0.004412 -0.019751 -0.999795

TP00028 1 0
41.92611767780845        12.47949275696272        72.90424561314438       
0.000000 0.000000 0.000000
0.000000 0.000000 0.000000
3.162023 0.257063 -0.966216 0.018572
3.434102 -0.966395 -0.257023 0.004535
27.158674 0.000392 -0.019114 -0.999817

TP00029 1 0
41.91153545848729        12.42145251855246        95.25681018749083       
0.000000 0.000000 0.000000
0.000000 0.000000 0.000000
3.156422 0.250603 -0.967763 0.025175
3.431143 -0.968090 -0.250498 0.007296
27.126976 0.000754 0.026200 0.999656

TP00030 1 0
41.91214902852425        12.43595779250570        82.08069636271838       
0.000000 0.000000 0.000000
0.000000 0.000000 0.000000
3.146089 0.252461 -0.967324 0.023402
3.413987 -0.967604 -0.252330 0.008438
27.048286 0.002257 0.024774 0.999691

TP00031 1 0
41.91409526689853        12.47960070863084        64.46063944335870       
0.000000 0.000000 0.000000
0.000000 0.000000 0.000000
3.161445 0.256314 -0.966424 0.018109
3.434637 0.966594 0.256263 -0.005092
27.148077 0.000281 0.018809 0.999823

TP00032 1 0
41.89942123689374        12.42152904157943        89.64790394712833       
0.000000 0.000000 0.000000
0.000000 0.000000 0.000000
3.143948 0.248430 -0.968332 0.024836
3.414309 -0.968639 -0.248220 0.011233
26.893338 0.004713 0.026848 0.999628

TP00033 1 0
41.90158427105253        12.46506321094199        12.60274956770012       
0.000000 0.000000 0.000000
0.000000 0.000000 0.000000
3.148570 0.254063 -0.966998 0.019154
3.416830 -0.967177 -0.253920 0.009605
26.914150 -0.004424 -0.020966 -0.999770

TP00034 1 0
41.88791568134694        12.43607974088060        91.67279454306517       
0.000000 0.000000 0.000000
0.000000 0.000000 0.000000
3.144290 0.250040 -0.967977 0.022349
3.413236 -0.968206 -0.249786 0.013592
26.710001 0.007574 0.025037 0.999658

TP00035 1 0
41.88921685292129        12.46508373642658        66.89639385683545       
0.000000 0.000000 0.000000
0.000000 0.000000 0.000000
3.159190 0.253222 -0.967222 0.018964
3.435399 -0.967407 -0.253137 0.006787
27.124714 -0.001764 -0.020064 -0.999797

TP00036 1 0
41.93698613824719        12.45173434033437        97.54080927114951       
0.000000 0.000000 0.000000
0.000000 0.000000 0.000000
3.149566 0.256280 -0.966342 0.022437
3.416264 -0.966597 -0.256286 0.002659
27.390795 0.003181 -0.022369 -0.999745

TP00037 1 0
41.92544134714993        12.45186958425859        139.43876296079247      
0.000000 0.000000 0.000000
0.000000 0.000000 0.000000
3.158992 -0.257276 0.966087 -0.022022
4.006400 -0.959317 -0.252598 0.126115
60.186287 -0.116275 -0.053572 -0.991771

TP00038 1 0
41.92535289565016        12.46652556357443        33.91479379321939       
0.000000 0.000000 0.000000
0.000000 0.000000 0.000000
3.160867 -0.257165 0.966160 -0.020039
4.014317 -0.959271 -0.252713 0.126233
60.417160 -0.116897 -0.051686 -0.991798

TP00039 1 0
41.91367601542850        12.45175020504941        56.02503836479827       
0.000000 0.000000 0.000000
0.000000 0.000000 0.000000
3.159116 -0.256823 0.966218 -0.021547
4.000871 -0.958450 -0.251768 0.134112
69.514721 -0.124156 -0.055095 -0.990732

TP00040 1 0
41.91379086289994        12.46648798525013        51.34057810933603       
0.000000 0.000000 0.000000
0.000000 0.000000 0.000000
3.160029 -0.257234 0.966150 -0.019591
4.003601 -0.958315 -0.252434 0.133827
69.784539 -0.124352 -0.053199 -0.990811

TP00041 1 0
41.90200032579178        12.45171854407266        73.86528192763012       
0.000000 0.000000 0.000000
0.000000 0.000000 0.000000
3.158427 -0.257032 0.966173 -0.021074
3.991259 -0.957375 -0.251596 0.141892
81.237274 -0.131790 -0.056647 -0.989658

TP00042 1 0
41.89035291253354        12.45180748059767        66.02497557535104       
0.000000 0.000000 0.000000
0.000000 0.000000 0.000000
3.146070 0.251787 -0.967568 0.020395
3.414816 -0.967758 -0.251572 0.012508
26.749234 -0.006972 -0.022887 -0.999714

TP00043 0 0
41.88974071964977        12.47442595694094        0.52942276000977        
0.000000 0.000000 0.000000
0.000000 0.000000 0.000000

TP00044 0 0
41.93759665146908        12.46505118856630        79.52831268310547       
0.000000 0.000000 0.000000
0.000000 0.000000 0.000000

TP00045 0 0
41.90187433391595        12.47953785467674        79.52831268310547       
0.000000 0.000000 0.000000
0.000000 0.000000 0.000000

TP00046 0 0
41.88740100566574        12.42157468619255        79.52831268310547       
0.000000 0.000000 0.000000
0.000000 0.000000 0.000000

TP00047 0 0
41.88978202716761        12.47952708536319        79.52831268310547       
0.000000 0.000000 0.000000
0.000000 0.000000 0.000000

