GROUND POINT FILE
COORD_SYSTEM          1
ELLIPSOID          MARS2000
REFERENCE_DATUM_CODE          MARS2000
A_EARTH            3.39619000000000e+06
E_EARTH            1.08339143554196e-01
ELLIPSOID_CENTER   0.00000000000000e+00 0.00000000000000e+00 0.00000000000000e+00
DATUM_ROTATION     0.00000000000000e+00 0.00000000000000e+00 0.00000000000000e+00
DATUM_SCALE        1.00000000000000e+00
DATUM_USE_APPROXIMATE 0
VERTICAL_REFERENCE    1
GEOID                 EGM96
GXP_GEO_DELIM       0
XY_UNITS            2
Z_UNITS             1
GXP_XY_UNITS        8
GXP_Z_UNITS         3
GXP_Z_PRECISION     3
GXP_COORD_FORMAT    3
GXP_COORD_FORMAT_PRECISIONS 4
24
point_id,use,point_type,lat_Y_North,long_X_East,ht,sig(3),res(3), eigenpair(val, vector)(3)
ESP_011969_1425_REDmos_hijitreged_1 1 0
-37.52498315102231       -168.03781013510081      2166.85677517541853     
0.000000 0.000000 0.000000
0.000000 0.000000 0.000000
0.010015 0.991258 -0.131935 -0.000733
0.017375 0.126817 0.951241 0.281173
103723.422751 0.036399 0.278808 -0.959657

ESP_011969_1425_REDmos_hijitreged_10 1 0
-37.48836252421589       -168.12422875299504      2312.54396622692502     
0.000000 0.000000 0.000000
0.000000 0.000000 0.000000

ESP_011969_1425_REDmos_hijitreged_12 1 0
-37.43168328052415       -168.06327026184894      561.08523101047160      
0.000000 0.000000 0.000000
0.000000 0.000000 0.000000
0.009124 0.991280 -0.131771 -0.000682
0.017542 0.126781 0.952304 0.277567
105846.550937 0.035926 0.275233 -0.960706

ESP_011969_1425_REDmos_hijitreged_13 1 0
-37.43513301191926       -168.09508383097261      846.84879257441889      
0.000000 0.000000 0.000000
0.000000 0.000000 0.000000
0.008751 0.991360 -0.131167 -0.000616
0.017450 0.126384 0.953930 0.272111
105280.729204 0.035105 0.269838 -0.962266

ESP_011969_1425_REDmos_hijitreged_14 1 0
-37.43831722012688       -168.11377673673576      1129.59740845902934     
0.000000 0.000000 0.000000
0.000000 0.000000 0.000000
0.008804 0.991405 -0.130827 -0.000569
0.017380 0.126158 0.954852 0.268963
104835.518938 0.034644 0.266723 -0.963150

ESP_011969_1425_REDmos_hijitreged_15 1 0
-37.43963846641856       -168.13761452209530      1650.40180312839857     
0.000000 0.000000 0.000000
0.000000 0.000000 0.000000
0.009152 0.991457 -0.130433 -0.000504
0.017269 0.125897 0.955955 0.265143
104214.901264 0.034102 0.262941 -0.964209

ESP_011969_1425_REDmos_hijitreged_16 1 0
-37.37941962448235       -168.05314041415602      1101.74817528170183     
0.000000 0.000000 0.000000
0.000000 0.000000 0.000000
0.009776 0.991225 -0.132182 -0.000730
0.017479 0.127051 0.951200 0.281207
107150.383517 0.036476 0.278832 -0.959647

ESP_011969_1425_REDmos_hijitreged_17 1 0
-37.38083863019242       -168.06750154757481      1181.92920238182364     
0.000000 0.000000 0.000000
0.000000 0.000000 0.000000
0.009373 0.991264 -0.131894 -0.000703
0.017444 0.126862 0.951959 0.278710
106929.559928 0.036091 0.276365 -0.960375

ESP_011969_1425_REDmos_hijitreged_18 1 0
-37.38460955088340       -168.10289468543252      1339.49913214880803     
0.000000 0.000000 0.000000
0.000000 0.000000 0.000000
0.008879 0.991349 -0.131250 -0.000596
0.017364 0.126444 0.953815 0.272486
106414.359157 0.035196 0.270204 -0.962160

ESP_011969_1425_REDmos_hijitreged_19 1 0
-37.38667433736556       -168.12193972900008      1649.12137440383776     
0.000000 0.000000 0.000000
0.000000 0.000000 0.000000
0.008908 0.991396 -0.130895 -0.000577
0.017290 0.126212 0.954743 0.269324
105962.787125 0.034702 0.267080 -0.963049

ESP_011969_1425_REDmos_hijitreged_2 1 0
-37.53311540295684       -168.04751417198742      2027.98585717142078     
0.000000 0.000000 0.000000
0.000000 0.000000 0.000000
0.009882 0.991283 -0.131745 -0.000716
0.017379 0.126707 0.951862 0.279112
103737.074825 0.036090 0.276770 -0.960258

ESP_011969_1425_REDmos_hijitreged_20 1 0
-37.38779922880420       -168.14528733531682      2249.09586629201613     
0.000000 0.000000 0.000000
0.000000 0.000000 0.000000
0.009231 0.991447 -0.130512 -0.000505
0.017169 0.125955 0.955802 0.265664
105295.155262 0.034190 0.263455 -0.964066

ESP_011969_1425_REDmos_hijitreged_22 1 0
-37.32506030406861       -168.08145197394458      2133.64278724754331     
0.000000 0.000000 0.000000
0.000000 0.000000 0.000000
0.009867 0.991262 -0.131909 -0.000681
0.017285 0.126875 0.951997 0.278574
108618.424031 0.036098 0.276227 -0.960414

ESP_011969_1425_REDmos_hijitreged_23 1 0
-37.33599116666880       -168.10133445338911      2231.76969369093194     
0.000000 0.000000 0.000000
0.000000 0.000000 0.000000
0.009400 0.991317 -0.131496 -0.000630
0.017240 0.126603 0.953115 0.274850
107858.649273 0.035541 0.272544 -0.961487

ESP_011969_1425_REDmos_hijitreged_24 1 0
-37.34201630935803       -168.12810340862498      2075.55326880131452     
0.000000 0.000000 0.000000
0.000000 0.000000 0.000000
0.009299 0.991380 -0.131017 -0.000576
0.017217 0.126313 0.954603 0.269775
107524.900384 0.034796 0.267523 -0.962923

ESP_011969_1425_REDmos_hijitreged_25 1 0
-37.34819057995956       -168.14113429465988      2049.07911312332317     
0.000000 0.000000 0.000000
0.000000 0.000000 0.000000
0.009376 0.991414 -0.130757 -0.000546
0.017199 0.126146 0.955332 0.267260
107169.466479 0.034425 0.265034 -0.963624

ESP_011969_1425_REDmos_hijitreged_3 1 0
-37.52839666893967       -168.07960079526694      1993.76970233778616     
0.000000 0.000000 0.000000
0.000000 0.000000 0.000000
0.009467 0.991364 -0.131138 -0.000638
0.017330 0.126311 0.953542 0.273503
103419.214501 0.035258 0.271221 -0.961871

ESP_011969_1425_REDmos_hijitreged_4 1 0
-37.53132150466094       -168.10855852614645      2020.73084553497347     
0.000000 0.000000 0.000000
0.000000 0.000000 0.000000
0.009673 0.991433 -0.130616 -0.000550
0.017278 0.125974 0.955068 0.268284
103104.381955 0.034517 0.266055 -0.963340

ESP_011969_1425_REDmos_hijitreged_5 1 0
-37.53630700111975       -168.12005069953730      2032.79158420587032     
0.000000 0.000000 0.000000
0.000000 0.000000 0.000000
0.010626 0.991463 -0.130384 -0.000508
0.019453 0.125817 0.955697 0.266108
102983.822547 0.034210 0.263900 -0.963943

ESP_011969_1425_REDmos_hijitreged_7 1 0
-37.47652424962241       -168.05120054627415      1095.66123435860209     
0.000000 0.000000 0.000000
0.000000 0.000000 0.000000
0.009388 0.991272 -0.131829 -0.000738
0.017494 0.126796 0.951870 0.279044
104702.232192 0.036083 0.276702 -0.960278

ESP_011969_1425_REDmos_hijitreged_8 1 0
-37.48921839508181       -168.09323595053897      2009.22611032769601     
0.000000 0.000000 0.000000
0.000000 0.000000 0.000000
0.009011 0.991380 -0.131017 -0.000606
0.017301 0.126237 0.953951 0.272107
103466.816533 0.035073 0.269838 -0.962267

ESP_011969_1425_REDmos_hijitreged_9 1 0
-37.48675126821804       -168.12128226770488      2354.60550572535340     
0.000000 0.000000 0.000000
0.000000 0.000000 0.000000
0.009235 0.991445 -0.130527 -0.000540
0.017206 0.125915 0.955302 0.267476
102974.236379 0.034397 0.265255 -0.963564

ESP_047190_1425_REDmos_hijitreged_4 1 0
-37.32981741434070       -168.14113733984277      2007.35911295117035     
0.000000 0.000000 0.000000
0.000000 0.000000 0.000000
0.009566 0.991406 -0.130821 -0.000528
0.017203 0.126186 0.955203 0.267701
108124.644303 0.034516 0.265467 -0.963502

ESP_047190_1425_REDmos_hijitreged_5 1 0
-37.33148587629012       -168.15425976288694      1985.72658141438410     
0.000000 0.000000 0.000000
0.000000 0.000000 0.000000
0.009763 0.991436 -0.130591 -0.000516
0.017183 0.126048 0.955894 0.265288
107981.903787 0.034151 0.263081 -0.964169

